fire1,120,120,0,100,12,60,0,94,fire1
fire2,150,150,0,80,15,78,0,95,fire2
fire3,225,225,0,70,18,117,0,96,fire3
fire4,563,563,0,65,23,176,0,96,fire4
fire5,984,984,0,60,28,263,0,96,fire5
fire6,1280,1280,0,60,37,303,0,96,fire6
fire7,1600,1600,0,60,48,318,0,96,fire7
fire_egg,2399,2399,0,50,59,366,0,97,fire_egg
fire8,3023,3023,0,50,77,439,0,98,fire_mb1
fire9,300,300,0,50,60,50,0,99,fire9
fire10,375,375,0,50,72,57,5,0,100,fire10
fire11,488,488,0,50,86,66,125,0,101,fire11
fire12,658,658,0,50,99,76,04375,0,103,fire12
fire13,921,921,0,50,109,87,4503125,0,104,fire13
fire14,1290,1290,0,50,120,96,19534375,0,105,fire14
fire15,1870,1870,0,50,135,110,6246453125,0,106,fire15
fire_egg2,3180,3180,0,100,175,132,749574375,1,107,fire_egg2
fire16,4769,4769,0,100,210,159,29948925,0,108,fire_mb2
fire17,500,500,0,100,60,70,0,109,fire17
fire18,625,625,0,100,75,80,5,0,110,fire18
fire19,813,813,0,90,98,92,575,0,111,fire19
fire20,1097,1097,0,85,132,106,46125,0,108,fire20
fire21,1536,1536,0,80,184,122,4304375,0,109,fire21
fire22,2150,2150,0,75,258,134,67348125,0,110,fire22
fire23,3117,3117,0,70,374,154,8745034375,0,111,fire23
fire_egg3,5299,5299,0,60,636,185,849404125,2,107,fire_egg3
fire24,7949,7949,0,50,1272,223,01928495,0,111,fire_mb3
fire25,2400,2400,0,100,91,140,0,109,fire25
fire26,3000,3000,0,95,114,175,0,110,fire26
fire27,3900,3900,0,90,148,228,0,111,fire27
fire28,5265,5265,0,85,200,307,0,108,fire28
fire29,7371,7371,0,80,279,430,0,109,fire29
fire30,10319,10319,0,75,391,602,0,110,fire30
fire31,14963,14963,0,70,567,873,0,111,fire31
fire_egg4,25437,25437,0,60,964,1484,3,107,fire_egg4
fire32,50875,50875,0,50,1929,2968,0,111,fire_mb4
fire_boss,2500,100,0,250,800,300,5,114,Flame King
ocean1,100,100,0,100,10,5,0,115,ocean1
ocean2,100,100,0,100,12,7,0,116,ocean2
ocean3,100,100,0,100,14,12,0,117,ocean3
ocean4,100,100,0,100,16,16,0,118,ocean4
ocean5,100,100,0,100,18,21,0,119,ocean5
ocean6,100,100,0,100,20,24,0,120,ocean6
ocean7,100,100,0,100,22,28,0,121,ocean7
ocean_egg,100,100,0,100,30,40,0,122,ocean_egg
ocean8,100,100,0,100,45,55,0,123,ocean8
ocean9,100,100,0,100,15,15,0,124,ocean9
ocean10,100,100,0,100,18,20,0,125,ocean10
ocean11,100,100,0,100,21,25,0,126,ocean11
ocean12,100,100,0,100,25,30,0,127,ocean12
ocean13,100,100,0,100,29,35,0,128,ocean13
ocean14,100,100,0,100,33,40,0,129,ocean14
ocean15,100,100,0,100,38,45,0,130,ocean15
ocean_egg2,100,100,0,100,50,65,1,131,ocean_egg2
ocean16,100,100,0,100,67,85,0,132,ocean16
ocean17,100,100,0,100,25,35,0,133,ocean17
ocean18,100,100,0,100,30,42,0,134,ocean18
ocean19,100,100,0,100,37,48,0,134,ocean19
ocean20,100,100,0,100,44,55,0,135,ocean20
ocean21,100,100,0,100,50,63,0,136,ocean21
ocean22,100,100,0,100,57,70,0,137,ocean22
ocean23,100,100,0,100,65,80,0,138,ocean23
ocean_egg3,100,100,0,100,80,100,2,139,ocean_egg3
ocean24,100,100,0,100,110,140,0,140,ocean24
ocean25,100,100,0,100,45,55,0,141,ocean25
ocean26,100,100,0,100,55,65,0,142,ocean26
ocean27,100,100,0,100,65,75,0,143,ocean27
ocean28,100,100,0,100,75,85,0,144,ocean28
ocean29,100,100,0,100,85,95,0,145,ocean29
ocean30,100,100,0,100,100,105,0,146,ocean30
ocean31,100,100,0,100,115,115,0,147,ocean31
ocean_egg4,100,100,0,100,140,125,3,148,ocean_egg4
ocean32,100,100,0,100,200,170,0,149,ocean32
ocean_boss,2500,100,0,250,800,300,5,150,ocean_boss
desert1,100,100,0,100,10,5,0,115,desert1
desert2,100,100,0,100,12,7,0,116,desert2
desert3,100,100,0,100,14,12,0,117,desert3
desert4,100,100,0,100,16,16,0,118,desert4
desert5,100,100,0,100,18,21,0,119,desert5
desert6,100,100,0,100,20,24,0,120,desert6
desert7,100,100,0,100,22,28,0,121,desert7
desert_egg,100,100,0,100,30,40,0,122,desert_egg
desert8,100,100,0,100,45,55,0,123,desert8
desert9,100,100,0,100,15,15,0,124,desert9
desert10,100,100,0,100,18,20,0,125,desert10
desert11,100,100,0,100,21,25,0,126,desert11
desert12,100,100,0,100,25,30,0,127,desert12
desert13,100,100,0,100,29,35,0,128,desert13
desert14,100,100,0,100,33,40,0,129,desert14
desert15,100,100,0,100,38,45,0,130,desert15
desert_egg2,100,100,0,100,50,65,1,131,desert_egg2
desert16,100,100,0,100,67,85,0,132,desert16
desert17,100,100,0,100,25,35,0,133,desert17
desert18,100,100,0,100,30,42,0,134,desert18
desert19,100,100,0,100,37,48,0,134,desert19
desert20,100,100,0,100,44,55,0,135,desert20
desert21,100,100,0,100,50,63,0,136,desert21
desert22,100,100,0,100,57,70,0,137,desert22
desert23,100,100,0,100,65,80,0,138,desert23
desert_egg3,100,100,0,100,80,100,2,139,desert_egg3
desert24,100,100,0,100,110,140,0,140,desert24
desert25,100,100,0,100,45,55,0,141,desert25
desert26,100,100,0,100,55,65,0,142,desert26
desert27,100,100,0,100,65,75,0,143,desert27
desert28,100,100,0,100,75,85,0,144,desert28
desert29,100,100,0,100,85,95,0,145,desert29
desert30,100,100,0,100,100,105,0,146,desert30
desert31,100,100,0,100,115,115,0,147,desert31
desert_egg4,100,100,0,100,140,125,3,148,desert_egg4
desert32,100,100,0,100,200,170,0,149,desert32
desert_boss,2500,100,0,250,800,300,5,150,desert_boss
sky1,100,100,0,100,10,5,0,115,sky1
sky2,100,100,0,100,12,7,0,116,sky2
sky3,100,100,0,100,14,12,0,117,sky3
sky4,100,100,0,100,16,16,0,118,sky4
sky5,100,100,0,100,18,21,0,119,sky5
sky6,100,100,0,100,20,24,0,120,sky6
sky7,100,100,0,100,22,28,0,121,sky7
sky_egg,100,100,0,100,30,40,0,122,sky_egg
sky8,100,100,0,100,45,55,0,123,sky8
sky9,100,100,0,100,15,15,0,124,sky9
sky10,100,100,0,100,18,20,0,125,sky10
sky11,100,100,0,100,21,25,0,126,sky11
sky12,100,100,0,100,25,30,0,127,sky12
sky13,100,100,0,100,29,35,0,128,sky13
sky14,100,100,0,100,33,40,0,129,sky14
sky15,100,100,0,100,38,45,0,130,sky15
sky_egg2,100,100,0,100,50,65,1,131,sky_egg2
sky16,100,100,0,100,67,85,0,132,sky16
sky17,100,100,0,100,25,35,0,133,sky17
sky18,100,100,0,100,30,42,0,134,sky18
sky19,100,100,0,100,37,48,0,134,sky19
sky20,100,100,0,100,44,55,0,135,sky20
sky21,100,100,0,100,50,63,0,136,sky21
sky22,100,100,0,100,57,70,0,137,sky22
sky23,100,100,0,100,65,80,0,138,sky23
sky_egg3,100,100,0,100,80,100,2,139,sky_egg3
sky24,100,100,0,100,110,140,0,140,sky24
sky25,100,100,0,100,45,55,0,141,sky25
sky26,100,100,0,100,55,65,0,142,sky26
sky27,100,100,0,100,65,75,0,143,sky27
sky28,100,100,0,100,75,85,0,144,sky28
sky29,100,100,0,100,85,95,0,145,sky29
sky30,100,100,0,100,100,105,0,146,sky30
sky31,100,100,0,100,115,115,0,147,sky31
sky_egg4,100,100,0,100,140,125,3,148,sky_egg4
sky32,100,100,0,100,200,170,0,149,sky32
sky_boss,2500,100,0,250,800,300,5,150,sky_boss